Vector FU000385	Vector FU000387	GFP FU000389	GFP FU000391	EBOV_VP35 FU000393	EBOV_VP35 FU000395	MARV_VP35 FU000397	MARV_VP35 FU000399	MARV_VP24 FU000401	MARV_VP24 FU000403	MARV_VP40 FU000405	MARV_VP40 FU000407	MARV_VP40 FU000409	MARV_VP40 FU000411	MARV_VP24 FU000413	MARV_VP24 FU000415	MARV_VP35 FU000417	MARV_VP35 FU000419	EBOV_VP35 FU000423	EBOV_VP35 FU000425	GFP FU000427	GFP FU000429	Vector FU000431	Vector FU000433	Vector FU000435	EBOV_VP35 FU000437	MARV_VP24 FU000439	GFP FU000441	MARV_VP40 FU000443	MARV_VP35 FU000445	Vector FU000447	MARV_VP24 FU000449	EBOV_VP35 FU000451	MARV_VP40 FU000453	MARV_VP35 FU000455	GFP FU000457
Vector FU000385	1	0.991536111392916	0.977245569430962	0.980477224541035	0.660854272696276	0.657988033589353	0.765059509167749	0.743619744285853	0.924247905549456	0.949285656449141	0.984012972704407	0.983111984937509	0.976036344944012	0.965537553220683	0.855803949564895	0.919122966326274	0.72428998793154	0.741333211403979	0.606998728246207	0.614870538462481	0.953893804354228	0.962723519098229	0.966124298347415	0.964162168361042	0.98232253421175	0.683784090742482	0.86115042169834	0.9677652097586	0.825843608784763	0.745014097908154	0.983316597439119	0.930812275576471	0.675050996047053	0.885675393650462	0.712322974716995	0.963787012800807
Vector FU000387	0.991536111392916	1	0.975811075564333	0.980699420266552	0.65811403651775	0.65725933206934	0.765600813759801	0.741388112332587	0.915470587368582	0.945791270777064	0.986612924900996	0.985439446618845	0.982230507457713	0.972060633805104	0.853171290031175	0.923439164960181	0.728270639560092	0.743538170224922	0.606058803025644	0.609263510342781	0.95693840451246	0.965559906152076	0.972509723489798	0.967047055633075	0.984523162279936	0.678995265552375	0.852089148847018	0.964797959566101	0.816317270569662	0.745969035353403	0.986210905695636	0.928455206091054	0.673205543449667	0.879691071441978	0.709570353315997	0.962254152255252
GFP FU000389	0.977245569430962	0.975811075564333	1	0.98770110882675	0.666205052692174	0.668074227812259	0.756173853923251	0.738412175821013	0.932914759003199	0.957320203088122	0.976948668357442	0.975807890784042	0.964033099555008	0.960295376112579	0.858687078150388	0.923170890100551	0.718723956155898	0.729863280462267	0.615161259368944	0.616142315658639	0.959718956897921	0.969863406146668	0.952804233895064	0.953156546943015	0.968048733094832	0.689090169824398	0.861761172151484	0.979839854230338	0.811153714670176	0.737095612635679	0.969875004635729	0.932627581829659	0.678961377810717	0.873825877570671	0.708292852522206	0.970012177289884
GFP FU000391	0.980477224541035	0.980699420266552	0.98770110882675	1	0.66679485991957	0.66382346484263	0.759859247718488	0.740422498424496	0.932640697866697	0.955683950776257	0.981730242750035	0.979598102060796	0.972614792160931	0.969739869512187	0.872595118930702	0.932829767959747	0.725950852911167	0.738415283698887	0.617169501750576	0.622823653881263	0.966153031935386	0.977821224793386	0.966386194644995	0.964170787187887	0.975297181948768	0.686357973347779	0.870992137378036	0.979037156513488	0.826180566854379	0.741372498946944	0.977693599026156	0.938368364502938	0.676357931939793	0.887492418988376	0.709779757995674	0.97173670236895
EBOV_VP35 FU000393	0.660854272696276	0.65811403651775	0.666205052692174	0.66679485991957	1	0.982886384914481	0.925294476119734	0.931046015687946	0.635123699939736	0.648354478272617	0.654686993570414	0.652827713088997	0.644349088071986	0.645663222439459	0.602298524153302	0.62284925202728	0.916531610057586	0.919590228415648	0.973279262803641	0.957635356078245	0.660826160460806	0.659252095193872	0.644764776915856	0.655183284005185	0.655636826834557	0.98047905648749	0.614366733106375	0.668729044821478	0.58564018227987	0.926200891370436	0.655602512200131	0.634134923620694	0.97792833336191	0.621557749896349	0.932379326008832	0.66907739675061
EBOV_VP35 FU000395	0.657988033589353	0.65725933206934	0.668074227812259	0.66382346484263	0.982886384914481	1	0.9230623293977	0.930672709483388	0.627801748876863	0.646471986944978	0.653536108975816	0.651495174076415	0.64249918246887	0.640488107001263	0.577468728454904	0.611433434839731	0.915342610220007	0.911909974143691	0.964272921465369	0.93869027571339	0.654942878891361	0.652573254230044	0.634900396410514	0.641900591476862	0.648161515522694	0.976426561490415	0.588594214501957	0.66521302075839	0.552420331635616	0.92721283209138	0.650348402406675	0.622561353750905	0.977888044500006	0.594755004930716	0.931619133110588	0.659124847695662
MARV_VP35 FU000397	0.765059509167749	0.765600813759801	0.756173853923251	0.759859247718488	0.925294476119734	0.9230623293977	1	0.985256075540012	0.713063701877561	0.737778415559295	0.76108860085635	0.756076282349852	0.75650133814558	0.750842705876992	0.671390828468931	0.712508615716334	0.975740389050083	0.97694523525744	0.901607414258728	0.885097251201419	0.751499409894046	0.75246884854041	0.750282084516756	0.75333391410896	0.76234592258935	0.926272242028416	0.677130746342016	0.755220587876217	0.650826184466762	0.985128795710904	0.763589308121647	0.719639594743329	0.93414218882035	0.696018773394738	0.97707948945571	0.755360332432142
MARV_VP35 FU000399	0.743619744285853	0.741388112332587	0.738412175821013	0.740422498424496	0.931046015687946	0.930672709483388	0.985256075540012	1	0.697196236209406	0.718520067029006	0.738158343681014	0.734893642058143	0.73171986773708	0.726947442534289	0.650108258867141	0.690334956671834	0.972751744681701	0.974715817995522	0.911116639328694	0.891186823992207	0.731288694352438	0.730905437576284	0.724269830060774	0.727932816872049	0.737036419154516	0.932246331538615	0.660060511936362	0.738855464376185	0.632028842863372	0.983573177079426	0.737669160478291	0.698647575443914	0.941786721740399	0.676606965623734	0.980559740994011	0.735698060735489
MARV_VP24 FU000401	0.924247905549456	0.915470587368582	0.932914759003199	0.932640697866697	0.635123699939736	0.627801748876863	0.713063701877561	0.697196236209406	1	0.977617453414931	0.924487552959488	0.927961174805563	0.903968074673199	0.906217939466139	0.933458504117505	0.956840238434244	0.669717175645324	0.691879348479005	0.584371883487546	0.614328143169779	0.901575188861811	0.918860844945638	0.903809785485896	0.918274664025393	0.926642860714857	0.660506382158103	0.935452305663902	0.939890608574629	0.851327598802951	0.693948536038889	0.92383870870825	0.979599597324122	0.644320835262774	0.894842620822239	0.675113082360732	0.944520551121757
MARV_VP24 FU000403	0.949285656449141	0.945791270777064	0.957320203088122	0.955683950776257	0.648354478272617	0.646471986944978	0.737778415559295	0.718520067029006	0.977617453414931	1	0.95085616031971	0.950471392560633	0.939488739844839	0.9339601507007	0.90712534329068	0.967359006556984	0.698009772602034	0.714131418350583	0.600919747450615	0.608982804735252	0.934908058951988	0.945023397603234	0.93118329682248	0.934406790553484	0.947015768037495	0.672775047921801	0.901865538758537	0.956215061404795	0.807867711294258	0.717943306962925	0.94851387509446	0.974819525281287	0.663162329022719	0.867775993878347	0.692775981376246	0.949753178098944
MARV_VP40 FU000405	0.984012972704407	0.986612924900996	0.976948668357442	0.981730242750035	0.654686993570414	0.653536108975816	0.76108860085635	0.738158343681014	0.924487552959488	0.95085616031971	1	0.991183629430576	0.98653303809107	0.978552463468675	0.861035475848888	0.92829766282315	0.726767877773047	0.740375193880084	0.604956356542447	0.606175879548203	0.959790695457665	0.970901874875292	0.973428157837643	0.968700832893379	0.986476268285346	0.678820415263934	0.856573139746814	0.974151486622296	0.819897176112403	0.741829957437249	0.987583969704518	0.933407161406819	0.670226194681486	0.883354488183101	0.707758741559546	0.965367124141188
MARV_VP40 FU000407	0.983111984937509	0.985439446618845	0.975807890784042	0.979598102060796	0.652827713088997	0.651495174076415	0.756076282349852	0.734893642058143	0.927961174805563	0.950471392560633	0.991183629430576	1	0.982933570427187	0.975920100222885	0.868169014419452	0.927944255807515	0.719282390864343	0.734700593804109	0.599969647654279	0.609472933304555	0.956440717867652	0.968339124140588	0.970770256650944	0.968505543402786	0.984949841496434	0.675870179446463	0.866286544748366	0.972783890616058	0.829318476447299	0.737828693975281	0.985183000773462	0.934279179814294	0.667310468322167	0.891993697738812	0.705256987232183	0.969658482467957
MARV_VP40 FU000409	0.976036344944012	0.982230507457713	0.964033099555008	0.972614792160931	0.644349088071986	0.64249918246887	0.75650133814558	0.73171986773708	0.903968074673199	0.939488739844839	0.98653303809107	0.982933570427187	1	0.987763637092933	0.856542910581791	0.933263482364233	0.733264344313545	0.743639796026476	0.603381800281972	0.602125697406159	0.968033234645668	0.975646664398076	0.982380386343128	0.972499082206592	0.984053805630149	0.667288232147298	0.842218091123332	0.962470272563968	0.804628115493584	0.736867443291031	0.984337641620954	0.922808605904	0.661593741830108	0.872809701357287	0.69978309042912	0.951459755008687
MARV_VP40 FU000411	0.965537553220683	0.972060633805104	0.960295376112579	0.969739869512187	0.645663222439459	0.640488107001263	0.750842705876992	0.726947442534289	0.906217939466139	0.9339601507007	0.978552463468675	0.975920100222885	0.987763637092933	1	0.874820702013354	0.941619058608366	0.734765604138085	0.744441617477342	0.610323910614003	0.6152844838231	0.975203730949792	0.980434492710759	0.984325318612514	0.97623699665037	0.979694349913081	0.665226421233398	0.857225694412315	0.962941288158791	0.820535647052631	0.730604283748592	0.978709455635974	0.926191559827556	0.658201023316975	0.886914324902134	0.695288111229961	0.951355137171968
MARV_VP24 FU000413	0.855803949564895	0.853171290031175	0.858687078150388	0.872595118930702	0.602298524153302	0.577468728454904	0.671390828468931	0.650108258867141	0.933458504117505	0.90712534329068	0.861035475848888	0.868169014419452	0.856542910581791	0.874820702013354	1	0.946656100985171	0.646204183391458	0.678125300901408	0.572117179754556	0.645166737597816	0.867502314233894	0.885801284344622	0.890843768971808	0.912427753210868	0.889241562876859	0.617505240251481	0.978129622268928	0.876852765146538	0.930984261845916	0.651052036359013	0.879970003208031	0.953474202651508	0.599149191514661	0.950881730681388	0.636608929521454	0.911303402047374
MARV_VP24 FU000415	0.919122966326274	0.923439164960181	0.923170890100551	0.932829767959747	0.62284925202728	0.611433434839731	0.712508615716334	0.690334956671834	0.956840238434244	0.967359006556984	0.92829766282315	0.927944255807515	0.933263482364233	0.941619058608366	0.946656100985171	1	0.692958530640365	0.712565196702851	0.592465584798074	0.617157897833765	0.935136906480357	0.945851634825477	0.944813413367936	0.948276190592917	0.938487377614436	0.644566121613515	0.923084712498913	0.932270890483402	0.840345907326667	0.692983446502812	0.936416369551799	0.976245209637117	0.632957233153798	0.893503042016781	0.666877964178963	0.935622370665975
MARV_VP35 FU000417	0.72428998793154	0.728270639560092	0.718723956155898	0.725950852911167	0.916531610057586	0.915342610220007	0.975740389050083	0.972751744681701	0.669717175645324	0.698009772602034	0.726767877773047	0.719282390864343	0.733264344313545	0.734765604138085	0.646204183391458	0.692958530640365	1	0.982413698385144	0.914025367160534	0.886923862160564	0.736731156208669	0.732933060715029	0.730973645794786	0.727843769322327	0.728440623243921	0.918974750864197	0.63867769463016	0.722220029264455	0.613836970063122	0.973513187650848	0.729231481981941	0.682424705292506	0.928971581533106	0.661280661181769	0.967774550300868	0.712950097858038
MARV_VP35 FU000419	0.741333211403979	0.743538170224922	0.729863280462267	0.738415283698887	0.919590228415648	0.911909974143691	0.97694523525744	0.974715817995522	0.691879348479005	0.714131418350583	0.740375193880084	0.734700593804109	0.743639796026476	0.744441617477342	0.678125300901408	0.712565196702851	0.982413698385144	1	0.914460706170403	0.902074753590797	0.745932238571307	0.745632595132958	0.748985512379841	0.752487909357659	0.748218196708177	0.920790212577748	0.675635078902306	0.737072583056379	0.656646540534129	0.977849459148499	0.747740507115066	0.707383709033537	0.92835721203378	0.700474181866018	0.971435919544672	0.738147109022132
EBOV_VP35 FU000423	0.606998728246207	0.606058803025644	0.615161259368944	0.617169501750576	0.973279262803641	0.964272921465369	0.901607414258728	0.911116639328694	0.584371883487546	0.600919747450615	0.604956356542447	0.599969647654279	0.603381800281972	0.610323910614003	0.572117179754556	0.592465584798074	0.914025367160534	0.914460706170403	1	0.963079383501859	0.63036698263986	0.625172607012626	0.607699436470468	0.618283744902667	0.609061412373113	0.972033994804746	0.574772848768676	0.623486566644324	0.546547538159489	0.908198334725244	0.608483415443247	0.592785465213238	0.969392365271741	0.581326104266729	0.916583326635386	0.620939670009024
EBOV_VP35 FU000425	0.614870538462481	0.609263510342781	0.616142315658639	0.622823653881263	0.957635356078245	0.93869027571339	0.885097251201419	0.891186823992207	0.614328143169779	0.608982804735252	0.606175879548203	0.609472933304555	0.602125697406159	0.6152844838231	0.645166737597816	0.617157897833765	0.886923862160564	0.902074753590797	0.963079383501859	1	0.631312927528483	0.631950303869349	0.625231892762658	0.647135447141837	0.624383978702858	0.953597936194385	0.654262961011337	0.629069918625774	0.646633156533814	0.888016558436639	0.620311157779522	0.625963066300972	0.943094236279289	0.663327972693809	0.902158212375232	0.651173357583761
GFP FU000427	0.953893804354228	0.95693840451246	0.959718956897921	0.966153031935386	0.660826160460806	0.654942878891361	0.751499409894046	0.731288694352438	0.901575188861811	0.934908058951988	0.959790695457665	0.956440717867652	0.968033234645668	0.975203730949792	0.867502314233894	0.935136906480357	0.736731156208669	0.745932238571307	0.63036698263986	0.631312927528483	1	0.984589001726696	0.972016655958579	0.967436630599518	0.961663730622415	0.681707362322421	0.85474261250281	0.966941859120535	0.805800108153879	0.732626195016641	0.962923570114493	0.918719964978371	0.673108857046872	0.875143773800012	0.703896873618109	0.94971514238729
GFP FU000429	0.962723519098229	0.965559906152076	0.969863406146668	0.977821224793386	0.659252095193872	0.652573254230044	0.75246884854041	0.730905437576284	0.918860844945638	0.945023397603234	0.970901874875292	0.968339124140588	0.975646664398076	0.980434492710759	0.885801284344622	0.945851634825477	0.732933060715029	0.745632595132958	0.625172607012626	0.631950303869349	0.984589001726696	1	0.980311645365056	0.978135427065322	0.974083543577412	0.681365747178731	0.876148040823738	0.976043198414688	0.831322703488179	0.734609808856902	0.973221867481538	0.934939456344265	0.670892849457449	0.896406735799457	0.705171801585376	0.964975218427884
Vector FU000431	0.966124298347415	0.972509723489798	0.952804233895064	0.966386194644995	0.644764776915856	0.634900396410514	0.750282084516756	0.724269830060774	0.903809785485896	0.93118329682248	0.973428157837643	0.970770256650944	0.982380386343128	0.984325318612514	0.890843768971808	0.944813413367936	0.730973645794786	0.748985512379841	0.607699436470468	0.625231892762658	0.972016655958579	0.980311645365056	1	0.987393527907994	0.984075960563218	0.664825908291395	0.875741643351588	0.956162764958815	0.84925893771457	0.731202806902381	0.980971687254804	0.930494331422243	0.654957536428158	0.910084761499773	0.69575068226329	0.958340068092109
Vector FU000433	0.964162168361042	0.967047055633075	0.953156546943015	0.964170787187887	0.655183284005185	0.641900591476862	0.75333391410896	0.727932816872049	0.918274664025393	0.934406790553484	0.968700832893379	0.968505543402786	0.972499082206592	0.97623699665037	0.912427753210868	0.948276190592917	0.727843769322327	0.752487909357659	0.618283744902667	0.647135447141837	0.967436630599518	0.978135427065322	0.987393527907994	1	0.982928085123932	0.676856463020923	0.903175358234138	0.961956568573511	0.880324447090329	0.735001590867258	0.978523167143728	0.942829650780041	0.665152081751003	0.934487563344102	0.704429065805632	0.968419969990325
Vector FU000435	0.98232253421175	0.984523162279936	0.968048733094832	0.975297181948768	0.655636826834557	0.648161515522694	0.76234592258935	0.737036419154516	0.926642860714857	0.947015768037495	0.986476268285346	0.984949841496434	0.984053805630149	0.979694349913081	0.889241562876859	0.938487377614436	0.728440623243921	0.748218196708177	0.609061412373113	0.624383978702858	0.961663730622415	0.974083543577412	0.984075960563218	0.982928085123932	1	0.679511420192471	0.885801431225718	0.97095417007853	0.856816968348211	0.742517445155922	0.992223075870516	0.944181353295153	0.668940841961927	0.914980628809485	0.710437898458224	0.973714704921361
EBOV_VP35 FU000437	0.683784090742482	0.678995265552375	0.689090169824398	0.686357973347779	0.98047905648749	0.976426561490415	0.926272242028416	0.932246331538615	0.660506382158103	0.672775047921801	0.678820415263934	0.675870179446463	0.667288232147298	0.665226421233398	0.617505240251481	0.644566121613515	0.918974750864197	0.920790212577748	0.972033994804746	0.953597936194385	0.681707362322421	0.681365747178731	0.664825908291395	0.676856463020923	0.679511420192471	1	0.631003771015908	0.694241957460074	0.599640707987157	0.92952016619034	0.68019358132909	0.658393412117969	0.98278878074087	0.636355695908103	0.937181481792575	0.692252167668162
MARV_VP24 FU000439	0.86115042169834	0.852089148847018	0.861761172151484	0.870992137378036	0.614366733106375	0.588594214501957	0.677130746342016	0.660060511936362	0.935452305663902	0.901865538758537	0.856573139746814	0.866286544748366	0.842218091123332	0.857225694412315	0.978129622268928	0.923084712498913	0.63867769463016	0.675635078902306	0.574772848768676	0.654262961011337	0.85474261250281	0.876148040823738	0.875741643351588	0.903175358234138	0.885801431225718	0.631003771015908	1	0.880783805497898	0.950521989890938	0.656636884627024	0.874232005559773	0.947307410070618	0.611149998518535	0.964872835533223	0.649156983220678	0.920404099504963
GFP FU000441	0.9677652097586	0.964797959566101	0.979839854230338	0.979037156513488	0.668729044821478	0.66521302075839	0.755220587876217	0.738855464376185	0.939890608574629	0.956215061404795	0.974151486622296	0.972783890616058	0.962470272563968	0.962941288158791	0.876852765146538	0.932270890483402	0.722220029264455	0.737072583056379	0.623486566644324	0.629069918625774	0.966941859120535	0.976043198414688	0.956162764958815	0.961956568573511	0.97095417007853	0.694241957460074	0.880783805497898	1	0.83207399829291	0.740413824633353	0.972056002890922	0.941184840547385	0.684270994288611	0.893051847581655	0.715044442883208	0.976341204967569
MARV_VP40 FU000443	0.825843608784763	0.816317270569662	0.811153714670176	0.826180566854379	0.58564018227987	0.552420331635616	0.650826184466762	0.632028842863372	0.851327598802951	0.807867711294258	0.819897176112403	0.829318476447299	0.804628115493584	0.820535647052631	0.930984261845916	0.840345907326667	0.613836970063122	0.656646540534129	0.546547538159489	0.646633156533814	0.805800108153879	0.831322703488179	0.84925893771457	0.880324447090329	0.856816968348211	0.599640707987157	0.950521989890938	0.83207399829291	1	0.631337544975948	0.843122409693594	0.873651202597342	0.578190653409711	0.977841033468969	0.621680737637621	0.886064631224524
MARV_VP35 FU000445	0.745014097908154	0.745969035353403	0.737095612635679	0.741372498946944	0.926200891370436	0.92721283209138	0.985128795710904	0.983573177079426	0.693948536038889	0.717943306962925	0.741829957437249	0.737828693975281	0.736867443291031	0.730604283748592	0.651052036359013	0.692983446502812	0.973513187650848	0.977849459148499	0.908198334725244	0.888016558436639	0.732626195016641	0.734609808856902	0.731202806902381	0.735001590867258	0.742517445155922	0.92952016619034	0.656636884627024	0.740413824633353	0.631337544975948	1	0.743857071079281	0.700998618289385	0.941170400805618	0.676608817317652	0.982895254776828	0.738272655586691
Vector FU000447	0.983316597439119	0.986210905695636	0.969875004635729	0.977693599026156	0.655602512200131	0.650348402406675	0.763589308121647	0.737669160478291	0.92383870870825	0.94851387509446	0.987583969704518	0.985183000773462	0.984337641620954	0.978709455635974	0.879970003208031	0.936416369551799	0.729231481981941	0.747740507115066	0.608483415443247	0.620311157779522	0.962923570114493	0.973221867481538	0.980971687254804	0.978523167143728	0.992223075870516	0.68019358132909	0.874232005559773	0.972056002890922	0.843122409693594	0.743857071079281	1	0.940487574326985	0.670564575808771	0.903542270466217	0.710688777579251	0.972797611593819
MARV_VP24 FU000449	0.930812275576471	0.928455206091054	0.932627581829659	0.938368364502938	0.634134923620694	0.622561353750905	0.719639594743329	0.698647575443914	0.979599597324122	0.974819525281287	0.933407161406819	0.934279179814294	0.922808605904	0.926191559827556	0.953474202651508	0.976245209637117	0.682424705292506	0.707383709033537	0.592785465213238	0.625963066300972	0.918719964978371	0.934939456344265	0.930494331422243	0.942829650780041	0.944181353295153	0.658393412117969	0.947307410070618	0.941184840547385	0.873651202597342	0.700998618289385	0.940487574326985	1	0.645181055745553	0.914613818184907	0.679260303506174	0.954651838136063
EBOV_VP35 FU000451	0.675050996047053	0.673205543449667	0.678961377810717	0.676357931939793	0.97792833336191	0.977888044500006	0.93414218882035	0.941786721740399	0.644320835262774	0.663162329022719	0.670226194681486	0.667310468322167	0.661593741830108	0.658201023316975	0.599149191514661	0.632957233153798	0.928971581533106	0.92835721203378	0.969392365271741	0.943094236279289	0.673108857046872	0.670892849457449	0.654957536428158	0.665152081751003	0.668940841961927	0.98278878074087	0.611149998518535	0.684270994288611	0.578190653409711	0.941170400805618	0.670564575808771	0.645181055745553	1	0.617979738816967	0.948818404583235	0.680656413210233
MARV_VP40 FU000453	0.885675393650462	0.879691071441978	0.873825877570671	0.887492418988376	0.621557749896349	0.594755004930716	0.696018773394738	0.676606965623734	0.894842620822239	0.867775993878347	0.883354488183101	0.891993697738812	0.872809701357287	0.886914324902134	0.950881730681388	0.893503042016781	0.661280661181769	0.700474181866018	0.581326104266729	0.663327972693809	0.875143773800012	0.896406735799457	0.910084761499773	0.934487563344102	0.914980628809485	0.636355695908103	0.964872835533223	0.893051847581655	0.977841033468969	0.676608817317652	0.903542270466217	0.914613818184907	0.617979738816967	1	0.662818839521047	0.934035430524802
MARV_VP35 FU000455	0.712322974716995	0.709570353315997	0.708292852522206	0.709779757995674	0.932379326008832	0.931619133110588	0.97707948945571	0.980559740994011	0.675113082360732	0.692775981376246	0.707758741559546	0.705256987232183	0.69978309042912	0.695288111229961	0.636608929521454	0.666877964178963	0.967774550300868	0.971435919544672	0.916583326635386	0.902158212375232	0.703896873618109	0.705171801585376	0.69575068226329	0.704429065805632	0.710437898458224	0.937181481792575	0.649156983220678	0.715044442883208	0.621680737637621	0.982895254776828	0.710688777579251	0.679260303506174	0.948818404583235	0.662818839521047	1	0.715283160904273
GFP FU000457	0.963787012800807	0.962254152255252	0.970012177289884	0.97173670236895	0.66907739675061	0.659124847695662	0.755360332432142	0.735698060735489	0.944520551121757	0.949753178098944	0.965367124141188	0.969658482467957	0.951459755008687	0.951355137171968	0.911303402047374	0.935622370665975	0.712950097858038	0.738147109022132	0.620939670009024	0.651173357583761	0.94971514238729	0.964975218427884	0.958340068092109	0.968419969990325	0.973714704921361	0.692252167668162	0.920404099504963	0.976341204967569	0.886064631224524	0.738272655586691	0.972797611593819	0.954651838136063	0.680656413210233	0.934035430524802	0.715283160904273	1
